10
S1         0.0000000 1.8261624 2.0157774 1.8845445 1.7781376 0.8134318 1.8534590 2.0142037 1.9948354 0.0602801 
S2         1.8261624 0.0000000 1.9792866 1.1681449 1.8713994 1.8979318 0.1641297 1.9624660 1.9794369 1.7997304 
S3         2.0157774 1.9792866 0.0000000 2.0320764 1.9990222 1.9782846 2.0088967 0.7486630 0.7566312 1.9809561 
S4         1.8845445 1.1681449 2.0320764 0.0000000 1.8936197 1.9185372 1.1838296 2.0129562 2.0236787 1.8778597 
S5         1.7781376 1.8713994 1.9990222 1.8936197 0.0000000 1.8016587 1.8601278 1.9754952 1.9599075 1.7865417 
S6         0.8134318 1.8979318 1.9782846 1.9185372 1.8016587 0.0000000 1.9183006 2.0072254 1.9753130 0.8105244 
S7         1.8534590 0.1641297 2.0088967 1.1838296 1.8601278 1.9183006 0.0000000 2.0108251 2.0451153 1.8257270 
S8         2.0142037 1.9624660 0.7486630 2.0129562 1.9754952 2.0072254 2.0108251 0.0000000 0.3547244 2.0000252 
S9         1.9948354 1.9794369 0.7566312 2.0236787 1.9599075 1.9753130 2.0451153 0.3547244 0.0000000 1.9653451 
S10        0.0602801 1.7997304 1.9809561 1.8778597 1.7865417 0.8105244 1.8257270 2.0000252 1.9653451 0.0000000 
